Symmetry,Unit cell x-dimension (# of pixels),Unit cell y-dimension (# of pixels),Geometry encoding (Condensed 15),Geometry encoding (Condensed 25),"Geometry encoding (full, row-major)",Condition,C11,C12,C22,C16,C26,C66,CM0,CM0: C11,CM0: C12,CM0: C22,CM0: C16,CM0: C26,CM0: C66,CM1,CM1: C11,CM1: C12,CM1: C22,CM1: C16,CM1: C26,CM1: C66
C4v,10,10,0,,0,Plane Strain,2963290579,1459531181,2963290579,0,0,751879699,Verowhite,2963290579,1459531181,2963290579,0,0,751879699,Tangoblack,34228188,32885906,34228188,0,0,671141
C4v,10,10,1,,1.00E+99,Plane Strain,2563908499,1191999318,2563908499,0,0,650861882,Verowhite,2963290579,1459531181,2963290579,0,0,751879699,Tangoblack,34228188,32885906,34228188,0,0,671141
C4v,10,10,10,,1.00E+98,Plane Strain,2147369267,962096152,2147369267,0,0,570022574,Verowhite,2963290579,1459531181,2963290579,0,0,751879699,Tangoblack,34228188,32885906,34228188,0,0,671141
C4v,10,10,11,,1.10E+99,Plane Strain,1958361478,842270394,1958361478,0,0,492121793,Verowhite,2963290579,1459531181,2963290579,0,0,751879699,Tangoblack,34228188,32885906,34228188,0,0,671141
C4v,10,10,100,,1.00E+88,Plane Strain,2583122450,1200650660,2583122450,0,0,649192588,Verowhite,2963290579,1459531181,2963290579,0,0,751879699,Tangoblack,34228188,32885906,34228188,0,0,671141
C4v,10,10,101,,1.00E+99,Plane Strain,2118296691,933665682,2118296691,0,0,567758206,Verowhite,2963290579,1459531181,2963290579,0,0,751879699,Tangoblack,34228188,32885906,34228188,0,0,671141
C4v,10,10,110,,1.00E+98,Plane Strain,1774353974,681658805,1774353974,0,0,373345277,Verowhite,2963290579,1459531181,2963290579,0,0,751879699,Tangoblack,34228188,32885906,34228188,0,0,671141
C4v,10,10,111,,1.10E+99,Plane Strain,1757946175,668809586,1757946175,0,0,372869153,Verowhite,2963290579,1459531181,2963290579,0,0,751879699,Tangoblack,34228188,32885906,34228188,0,0,671141
C4v,10,10,1000,,1.00E+97,Plane Strain,2188820448,969563557,2188820448,0,0,576868567,Verowhite,2963290579,1459531181,2963290579,0,0,751879699,Tangoblack,34228188,32885906,34228188,0,0,671141
C4v,10,10,1001,,1.01E+99,Plane Strain,2027847623,827744115,2027847623,0,0,395176933,Verowhite,2963290579,1459531181,2963290579,0,0,751879699,Tangoblack,34228188,32885906,34228188,0,0,671141
C4v,10,10,1010,,1.10E+98,Plane Strain,1603778306,655129172,1603778306,0,0,422943287,Verowhite,2963290579,1459531181,2963290579,0,0,751879699,Tangoblack,34228188,32885906,34228188,0,0,671141
C4v,10,10,1011,,1.11E+99,Plane Strain,1362329456,505595991,1362329456,0,0,311746562,Verowhite,2963290579,1459531181,2963290579,0,0,751879699,Tangoblack,34228188,32885906,34228188,0,0,671141
C4v,10,10,1100,,1.00E+97,Plane Strain,1784651367,770393988,1784651367,0,0,499401240,Verowhite,2963290579,1459531181,2963290579,0,0,751879699,Tangoblack,34228188,32885906,34228188,0,0,671141
C4v,10,10,1101,,1.01E+99,Plane Strain,1674471976,693754458,1674471976,0,0,368040739,Verowhite,2963290579,1459531181,2963290579,0,0,751879699,Tangoblack,34228188,32885906,34228188,0,0,671141
C4v,10,10,1110,,1.10E+98,Plane Strain,1356670223,503431323,1356670223,0,0,298835044,Verowhite,2963290579,1459531181,2963290579,0,0,751879699,Tangoblack,34228188,32885906,34228188,0,0,671141
C4v,10,10,1111,,1.11E+99,Plane Strain,1346372164,493664291,1346372164,0,0,297588863,Verowhite,2963290579,1459531181,2963290579,0,0,751879699,Tangoblack,34228188,32885906,34228188,0,0,671141
C4v,10,10,10000,,1.00E+87,Plane Strain,2204651722,980844247,2204651722,0,0,575527901,Verowhite,2963290579,1459531181,2963290579,0,0,751879699,Tangoblack,34228188,32885906,34228188,0,0,671141
C4v,10,10,10001,,1.00E+99,Plane Strain,1911644561,844338157,1911644561,0,0,524099006,Verowhite,2963290579,1459531181,2963290579,0,0,751879699,Tangoblack,34228188,32885906,34228188,0,0,671141
C4v,10,10,10010,,1.00E+98,Plane Strain,1570029966,637172543,1570029966,0,0,431397823,Verowhite,2963290579,1459531181,2963290579,0,0,751879699,Tangoblack,34228188,32885906,34228188,0,0,671141
C4v,10,10,10011,,1.10E+99,Plane Strain,1436543138,553733014,1436543138,0,0,357907352,Verowhite,2963290579,1459531181,2963290579,0,0,751879699,Tangoblack,34228188,32885906,34228188,0,0,671141
C4v,10,10,10100,,1.10E+88,Plane Strain,1907234228,775695901,1907234228,0,0,433931659,Verowhite,2963290579,1459531181,2963290579,0,0,751879699,Tangoblack,34228188,32885906,34228188,0,0,671141
C4v,10,10,10101,,1.00E+99,Plane Strain,1530347496,631460751,1530347496,0,0,411435598,Verowhite,2963290579,1459531181,2963290579,0,0,751879699,Tangoblack,34228188,32885906,34228188,0,0,671141
C4v,10,10,10110,,1.00E+98,Plane Strain,1224752445,403019890,1224752445,0,0,184059649,Verowhite,2963290579,1459531181,2963290579,0,0,751879699,Tangoblack,34228188,32885906,34228188,0,0,671141
C4v,10,10,10111,,1.10E+99,Plane Strain,1209337558,393973663,1209337558,0,0,184006559,Verowhite,2963290579,1459531181,2963290579,0,0,751879699,Tangoblack,34228188,32885906,34228188,0,0,671141
C4v,10,10,11000,,1.00E+97,Plane Strain,1419078908,527016095,1419078908,0,0,329868710,Verowhite,2963290579,1459531181,2963290579,0,0,751879699,Tangoblack,34228188,32885906,34228188,0,0,671141
C4v,10,10,11001,,1.01E+99,Plane Strain,1400139051,509331713,1400139051,0,0,249779398,Verowhite,2963290579,1459531181,2963290579,0,0,751879699,Tangoblack,34228188,32885906,34228188,0,0,671141
C4v,10,10,11010,,1.10E+98,Plane Strain,1287229760,487085180,1287229760,0,0,278459199,Verowhite,2963290579,1459531181,2963290579,0,0,751879699,Tangoblack,34228188,32885906,34228188,0,0,671141
C4v,10,10,11011,,1.11E+99,Plane Strain,1180991046,382040422,1180991046,0,0,179972302,Verowhite,2963290579,1459531181,2963290579,0,0,751879699,Tangoblack,34228188,32885906,34228188,0,0,671141
C4v,10,10,11100,,1.00E+97,Plane Strain,1203204159,398923320,1203204159,0,0,184909207,Verowhite,2963290579,1459531181,2963290579,0,0,751879699,Tangoblack,34228188,32885906,34228188,0,0,671141
C4v,10,10,11101,,1.01E+99,Plane Strain,1200755141,397143451,1200755141,0,0,182012200,Verowhite,2963290579,1459531181,2963290579,0,0,751879699,Tangoblack,34228188,32885906,34228188,0,0,671141
C4v,10,10,11110,,1.10E+98,Plane Strain,1178666089,380949183,1178666089,0,0,178496971,Verowhite,2963290579,1459531181,2963290579,0,0,751879699,Tangoblack,34228188,32885906,34228188,0,0,671141
C4v,10,10,11111,,1.11E+99,Plane Strain,1171812925,374540303,1171812925,0,0,178128211,Verowhite,2963290579,1459531181,2963290579,0,0,751879699,Tangoblack,34228188,32885906,34228188,0,0,671141
C4v,10,10,100000,,1.00E+77,Plane Strain,2579118682,1203244538,2579118682,0,0,657404769,Verowhite,2963290579,1459531181,2963290579,0,0,751879699,Tangoblack,34228188,32885906,34228188,0,0,671141
C4v,10,10,100001,,1.00E+99,Plane Strain,2225773098,1003133336,2225773098,0,0,595297596,Verowhite,2963290579,1459531181,2963290579,0,0,751879699,Tangoblack,34228188,32885906,34228188,0,0,671141
C4v,10,10,100010,,1.00E+98,Plane Strain,1858954514,804460439,1858954514,0,0,503610811,Verowhite,2963290579,1459531181,2963290579,0,0,751879699,Tangoblack,34228188,32885906,34228188,0,0,671141
C4v,10,10,100011,,1.10E+99,Plane Strain,1678715709,706325350,1678715709,0,0,445881773,Verowhite,2963290579,1459531181,2963290579,0,0,751879699,Tangoblack,34228188,32885906,34228188,0,0,671141
C4v,10,10,100100,,1.00E+88,Plane Strain,2200388033,978369378,2200388033,0,0,575995770,Verowhite,2963290579,1459531181,2963290579,0,0,751879699,Tangoblack,34228188,32885906,34228188,0,0,671141
C4v,10,10,100101,,1.00E+99,Plane Strain,1749229940,753480208,1749229940,0,0,507234700,Verowhite,2963290579,1459531181,2963290579,0,0,751879699,Tangoblack,34228188,32885906,34228188,0,0,671141
C4v,10,10,100110,,1.00E+98,Plane Strain,1430838699,514749311,1430838699,0,0,296113351,Verowhite,2963290579,1459531181,2963290579,0,0,751879699,Tangoblack,34228188,32885906,34228188,0,0,671141
C4v,10,10,100111,,1.10E+99,Plane Strain,1414797870,502940205,1414797870,0,0,295745338,Verowhite,2963290579,1459531181,2963290579,0,0,751879699,Tangoblack,34228188,32885906,34228188,0,0,671141
C4v,10,10,101000,,1.00E+97,Plane Strain,1931691410,776148122,1931691410,0,0,433671987,Verowhite,2963290579,1459531181,2963290579,0,0,751879699,Tangoblack,34228188,32885906,34228188,0,0,671141
C4v,10,10,101001,,1.01E+99,Plane Strain,1806552301,680739265,1806552301,0,0,314574285,Verowhite,2963290579,1459531181,2963290579,0,0,751879699,Tangoblack,34228188,32885906,34228188,0,0,671141
C4v,10,10,101010,,1.10E+98,Plane Strain,1454136471,550340814,1454136471,0,0,326264539,Verowhite,2963290579,1459531181,2963290579,0,0,751879699,Tangoblack,34228188,32885906,34228188,0,0,671141
C4v,10,10,101011,,1.11E+99,Plane Strain,1208748338,402103561,1208748338,0,0,245785524,Verowhite,2963290579,1459531181,2963290579,0,0,751879699,Tangoblack,34228188,32885906,34228188,0,0,671141
C4v,10,10,101100,,1.00E+97,Plane Strain,1563515160,617957304,1563515160,0,0,400754815,Verowhite,2963290579,1459531181,2963290579,0,0,751879699,Tangoblack,34228188,32885906,34228188,0,0,671141
C4v,10,10,101101,,1.01E+99,Plane Strain,1460413702,562422243,1460413702,0,0,285062987,Verowhite,2963290579,1459531181,2963290579,0,0,751879699,Tangoblack,34228188,32885906,34228188,0,0,671141
C4v,10,10,101110,,1.10E+98,Plane Strain,1193250263,392810477,1193250263,0,0,230921118,Verowhite,2963290579,1459531181,2963290579,0,0,751879699,Tangoblack,34228188,32885906,34228188,0,0,671141
C4v,10,10,101111,,1.11E+99,Plane Strain,1182907438,383331808,1182907438,0,0,229881659,Verowhite,2963290579,1459531181,2963290579,0,0,751879699,Tangoblack,34228188,32885906,34228188,0,0,671141
C4v,10,10,110000,,1.00E+87,Plane Strain,1887005807,760885794,1887005807,0,0,443262657,Verowhite,2963290579,1459531181,2963290579,0,0,751879699,Tangoblack,34228188,32885906,34228188,0,0,671141
C4v,10,10,110001,,1.00E+99,Plane Strain,1634717533,688642251,1634717533,0,0,433134135,Verowhite,2963290579,1459531181,2963290579,0,0,751879699,Tangoblack,34228188,32885906,34228188,0,0,671141
C4v,10,10,110010,,1.00E+98,Plane Strain,1343925000,482918423,1343925000,0,0,332009126,Verowhite,2963290579,1459531181,2963290579,0,0,751879699,Tangoblack,34228188,32885906,34228188,0,0,671141
C4v,10,10,110011,,1.10E+99,Plane Strain,1266732858,477346217,1266732858,0,0,299951465,Verowhite,2963290579,1459531181,2963290579,0,0,751879699,Tangoblack,34228188,32885906,34228188,0,0,671141
C4v,10,10,110100,,1.10E+88,Plane Strain,1782711967,679368483,1782711967,0,0,360142533,Verowhite,2963290579,1459531181,2963290579,0,0,751879699,Tangoblack,34228188,32885906,34228188,0,0,671141
C4v,10,10,110101,,1.00E+99,Plane Strain,1409080404,538446675,1409080404,0,0,340469818,Verowhite,2963290579,1459531181,2963290579,0,0,751879699,Tangoblack,34228188,32885906,34228188,0,0,671141
C4v,10,10,110110,,1.00E+98,Plane Strain,1104874796,312061020,1104874796,0,0,118167223,Verowhite,2963290579,1459531181,2963290579,0,0,751879699,Tangoblack,34228188,32885906,34228188,0,0,671141
C4v,10,10,110111,,1.10E+99,Plane Strain,1091666245,304618086,1091666245,0,0,117988939,Verowhite,2963290579,1459531181,2963290579,0,0,751879699,Tangoblack,34228188,32885906,34228188,0,0,671141
C4v,10,10,111000,,1.00E+97,Plane Strain,1105778530,316208846,1105778530,0,0,115273647,Verowhite,2963290579,1459531181,2963290579,0,0,751879699,Tangoblack,34228188,32885906,34228188,0,0,671141
C4v,10,10,111001,,1.01E+99,Plane Strain,1103885511,314853273,1103885511,0,0,114962829,Verowhite,2963290579,1459531181,2963290579,0,0,751879699,Tangoblack,34228188,32885906,34228188,0,0,671141
C4v,10,10,111010,,1.10E+98,Plane Strain,1079442286,302815205,1079442286,0,0,114504482,Verowhite,2963290579,1459531181,2963290579,0,0,751879699,Tangoblack,34228188,32885906,34228188,0,0,671141
C4v,10,10,111011,,1.11E+99,Plane Strain,1067619988,293090492,1067619988,0,0,111476885,Verowhite,2963290579,1459531181,2963290579,0,0,751879699,Tangoblack,34228188,32885906,34228188,0,0,671141
C4v,10,10,111100,,1.00E+97,Plane Strain,1088595119,307969224,1088595119,0,0,114577628,Verowhite,2963290579,1459531181,2963290579,0,0,751879699,Tangoblack,34228188,32885906,34228188,0,0,671141
C4v,10,10,111101,,1.01E+99,Plane Strain,1086566008,306484114,1086566008,0,0,113211767,Verowhite,2963290579,1459531181,2963290579,0,0,751879699,Tangoblack,34228188,32885906,34228188,0,0,671141
C4v,10,10,111110,,1.10E+98,Plane Strain,1067453565,293060820,1067453565,0,0,111387430,Verowhite,2963290579,1459531181,2963290579,0,0,751879699,Tangoblack,34228188,32885906,34228188,0,0,671141
C4v,10,10,111111,,1.11E+99,Plane Strain,1061172528,287646325,1061172528,0,0,111213295,Verowhite,2963290579,1459531181,2963290579,0,0,751879699,Tangoblack,34228188,32885906,34228188,0,0,671141
C4v,10,10,1000000,,1.00E+96,Plane Strain,2210386494,975858953,2210386494,0,0,570378274,Verowhite,2963290579,1459531181,2963290579,0,0,751879699,Tangoblack,34228188,32885906,34228188,0,0,671141
C4v,10,10,1000001,,1.00E+99,Plane Strain,2013068858,815649267,2013068858,0,0,408108645,Verowhite,2963290579,1459531181,2963290579,0,0,751879699,Tangoblack,34228188,32885906,34228188,0,0,671141
C4v,10,10,1000010,,1.01E+98,Plane Strain,1734232455,665004768,1734232455,0,0,341993348,Verowhite,2963290579,1459531181,2963290579,0,0,751879699,Tangoblack,34228188,32885906,34228188,0,0,671141
C4v,10,10,1000011,,1.10E+99,Plane Strain,1572227563,559701321,1572227563,0,0,222883206,Verowhite,2963290579,1459531181,2963290579,0,0,751879699,Tangoblack,34228188,32885906,34228188,0,0,671141
C4v,10,10,1000100,,1.00E+96,Plane Strain,1938035968,819664435,1938035968,0,0,501378390,Verowhite,2963290579,1459531181,2963290579,0,0,751879699,Tangoblack,34228188,32885906,34228188,0,0,671141
C4v,10,10,1000101,,1.00E+99,Plane Strain,1714993653,671929186,1714993653,0,0,375055164,Verowhite,2963290579,1459531181,2963290579,0,0,751879699,Tangoblack,34228188,32885906,34228188,0,0,671141
C4v,10,10,1000110,,1.01E+98,Plane Strain,1456968276,474480149,1456968276,0,0,184536831,Verowhite,2963290579,1459531181,2963290579,0,0,751879699,Tangoblack,34228188,32885906,34228188,0,0,671141
C4v,10,10,1000111,,1.10E+99,Plane Strain,1442366678,462382401,1442366678,0,0,183189457,Verowhite,2963290579,1459531181,2963290579,0,0,751879699,Tangoblack,34228188,32885906,34228188,0,0,671141
C4v,10,10,1001000,,1.10E+97,Plane Strain,1699397013,696372530,1699397013,0,0,451094831,Verowhite,2963290579,1459531181,2963290579,0,0,751879699,Tangoblack,34228188,32885906,34228188,0,0,671141
C4v,10,10,1001001,,1.01E+99,Plane Strain,1542270530,549006917,1542270530,0,0,229297258,Verowhite,2963290579,1459531181,2963290579,0,0,751879699,Tangoblack,34228188,32885906,34228188,0,0,671141
C4v,10,10,1001010,,1.11E+98,Plane Strain,1081527560,385410963,1081527560,0,0,269293852,Verowhite,2963290579,1459531181,2963290579,0,0,751879699,Tangoblack,34228188,32885906,34228188,0,0,671141
C4v,10,10,1001011,,1.11E+99,Plane Strain,827081515,239212788,827081515,0,0,131107987,Verowhite,2963290579,1459531181,2963290579,0,0,751879699,Tangoblack,34228188,32885906,34228188,0,0,671141
C4v,10,10,1001100,,1.10E+97,Plane Strain,1293253300,522455506,1293253300,0,0,366399675,Verowhite,2963290579,1459531181,2963290579,0,0,751879699,Tangoblack,34228188,32885906,34228188,0,0,671141
C4v,10,10,1001101,,1.01E+99,Plane Strain,1187948566,440175929,1187948566,0,0,193828308,Verowhite,2963290579,1459531181,2963290579,0,0,751879699,Tangoblack,34228188,32885906,34228188,0,0,671141
C4v,10,10,1001110,,1.11E+98,Plane Strain,823723970,242352461,823723970,0,0,132363251,Verowhite,2963290579,1459531181,2963290579,0,0,751879699,Tangoblack,34228188,32885906,34228188,0,0,671141
C4v,10,10,1001111,,1.11E+99,Plane Strain,813678387,233939468,813678387,0,0,130240205,Verowhite,2963290579,1459531181,2963290579,0,0,751879699,Tangoblack,34228188,32885906,34228188,0,0,671141
C4v,10,10,1010000,,1.00E+96,Plane Strain,1463547848,626330118,1463547848,0,0,443151931,Verowhite,2963290579,1459531181,2963290579,0,0,751879699,Tangoblack,34228188,32885906,34228188,0,0,671141
C4v,10,10,1010001,,1.00E+99,Plane Strain,1383190395,568394368,1383190395,0,0,350659150,Verowhite,2963290579,1459531181,2963290579,0,0,751879699,Tangoblack,34228188,32885906,34228188,0,0,671141
C4v,10,10,1010010,,1.01E+98,Plane Strain,1230288007,477437287,1230288007,0,0,302017049,Verowhite,2963290579,1459531181,2963290579,0,0,751879699,Tangoblack,34228188,32885906,34228188,0,0,671141
C4v,10,10,1010011,,1.10E+99,Plane Strain,1123513573,396845981,1123513573,0,0,192942087,Verowhite,2963290579,1459531181,2963290579,0,0,751879699,Tangoblack,34228188,32885906,34228188,0,0,671141
C4v,10,10,1010100,,1.00E+96,Plane Strain,1234155441,483810559,1234155441,0,0,338138656,Verowhite,2963290579,1459531181,2963290579,0,0,751879699,Tangoblack,34228188,32885906,34228188,0,0,671141
C4v,10,10,1010101,,1.00E+99,Plane Strain,1131473454,434562119,1131473454,0,0,313162429,Verowhite,2963290579,1459531181,2963290579,0,0,751879699,Tangoblack,34228188,32885906,34228188,0,0,671141
C4v,10,10,1010110,,1.01E+98,Plane Strain,936760571,280980453,936760571,0,0,119112094,Verowhite,2963290579,1459531181,2963290579,0,0,751879699,Tangoblack,34228188,32885906,34228188,0,0,671141
C4v,10,10,1010111,,1.10E+99,Plane Strain,921982785,270202369,921982785,0,0,118915893,Verowhite,2963290579,1459531181,2963290579,0,0,751879699,Tangoblack,34228188,32885906,34228188,0,0,671141
C4v,10,10,1011000,,1.10E+97,Plane Strain,1051292224,390234976,1051292224,0,0,264963758,Verowhite,2963290579,1459531181,2963290579,0,0,751879699,Tangoblack,34228188,32885906,34228188,0,0,671141
C4v,10,10,1011001,,1.01E+99,Plane Strain,1031123196,373498309,1031123196,0,0,185176731,Verowhite,2963290579,1459531181,2963290579,0,0,751879699,Tangoblack,34228188,32885906,34228188,0,0,671141
C4v,10,10,1011010,,1.11E+98,Plane Strain,921113373,343181697,921113373,0,0,213566517,Verowhite,2963290579,1459531181,2963290579,0,0,751879699,Tangoblack,34228188,32885906,34228188,0,0,671141
C4v,10,10,1011011,,1.11E+99,Plane Strain,803274032,226700431,803274032,0,0,115230170,Verowhite,2963290579,1459531181,2963290579,0,0,751879699,Tangoblack,34228188,32885906,34228188,0,0,671141
C4v,10,10,1011100,,1.10E+97,Plane Strain,816232380,241056763,816232380,0,0,123330066,Verowhite,2963290579,1459531181,2963290579,0,0,751879699,Tangoblack,34228188,32885906,34228188,0,0,671141
C4v,10,10,1011101,,1.01E+99,Plane Strain,814693214,239561881,814693214,0,0,119324228,Verowhite,2963290579,1459531181,2963290579,0,0,751879699,Tangoblack,34228188,32885906,34228188,0,0,671141
C4v,10,10,1011110,,1.11E+98,Plane Strain,798743072,225040009,798743072,0,0,115312666,Verowhite,2963290579,1459531181,2963290579,0,0,751879699,Tangoblack,34228188,32885906,34228188,0,0,671141
C4v,10,10,1011111,,1.11E+99,Plane Strain,792929643,219266087,792929643,0,0,114619123,Verowhite,2963290579,1459531181,2963290579,0,0,751879699,Tangoblack,34228188,32885906,34228188,0,0,671141
C4v,10,10,1100000,,1.00E+96,Plane Strain,1916948851,805016291,1916948851,0,0,503037567,Verowhite,2963290579,1459531181,2963290579,0,0,751879699,Tangoblack,34228188,32885906,34228188,0,0,671141
C4v,10,10,1100001,,1.00E+99,Plane Strain,1754398544,693259099,1754398544,0,0,385549394,Verowhite,2963290579,1459531181,2963290579,0,0,751879699,Tangoblack,34228188,32885906,34228188,0,0,671141
C4v,10,10,1100010,,1.01E+98,Plane Strain,1529077949,581046254,1529077949,0,0,313997862,Verowhite,2963290579,1459531181,2963290579,0,0,751879699,Tangoblack,34228188,32885906,34228188,0,0,671141
